400
586
671
768
870
959
1030
1111
1218
1300
1390
1470
1535
1607
1698
1784
1861
1943
2029
2126
2194
2290
2386
2488
2585
2662
2747
2833
2927
3035
3129
3224
3316
3392
3475
3580
3658
3758
3834
3915
4017
4098
4184
4258
4349
4438
4517
4613
4706
4779
4863
4955
5029
5119
5197
5282
5375
5476
5584
5682
5769
5853
5919
5999
6076
6156
6233
6311
6401
6477
6548
6623
6698
6772
6837
6907
6964
7030
7101
7170
7234
7302
7361
7429
7498
7567
7638
7699
7776
7865
7921
7981
8040
8104
8167
8235
8311
8377
8436
8488
8545
8600
8648
8700
8750
8808
8859
8908
8952
8997
9039
9086
9134
9183
9239
9283
9318
9360
9406
9469
9513
9536
9568
9609
9644
9674
9713
9743
9776
9803
9831
9876
9901
9933
9959
9990
10013
10030
10054
10073
10096
10109
10122
10135
10153
10161
10171
10181
10186
10192
10193
10196
10198
10199
10201
