0
3
5
8
15
19
26
32
40
45
53
61
69
76
79
85
94
99
107
114
120
132
136
145
148
154
155
165
177
181
190
205
215
220
228
241
247
250
245
243
252
254
260
263
273
285
287
287
295
302
311
319
314
315
318
331
336
343
354
351
360
362
367
369
373
375
373
383
388
393
402
405
402
406
413
420
430
435
435
444
447
456
450
454
458
461
466
468
471
477
480
479
481
486
486
486
489
488
492
496
497
500
501
502
502
502
498
501
496
492
494
491
492
496
496
502
502
505
509
512
511
513
511
510
508
503
499
503
503
503
499
498
495
493
493
488
488
489
488
487
486
487
485
485
484
483
482
482
482
482
482
481
481
482
482
