 0    50  50  50  50  50 
 1    50  50  50  50  50 
 2    50  50  50  50  50 
 3    50  50  50  50  50 
 4    50  50  50  50  50 
 5    50  50  50  50  50 
 6    50  50  50  50  50 
 7    50  50  50  50  50 
 8    50  50  50  50  50 
 9    50  50  50  50  50 
 10   50  50  50  50  50 
 11   50  50  50  50  50 
 12   50  50  50  50  50 
 13   50  50  50  50  50 
 14   50  50  50  50  50 
 15   50  50  50  50  50 
 16   50  50  50  50  50 
 17   50  50  50  50  50 
 18   50  50  50  50  50 
 19   50  50  50  50  50 
 20   50  50  50  50  50 
 21   50  49  50  50  49 
 22   49  50  49  50  49 
 23   50  49  49  49  49 
 24   49  49  50  50  49 
 25   48  50  50  50  49 
 26   48  50  50  49  49 
 27   48  47  50  50  48 
 28   50  49  49  49  49 
 29   50  49  50  48  49 
 30   48  50  50  47  48 
 31   46  49  48  45  47 
 32   48  47  50  47  48 
 33   48  49  45  42  46 
 34   45  47  46  44  45 
 35   47  47  45  41  45 
 36   48  48  46  41  45 
 37   43  44  46  42  43 
 38   42  43  43  42  42 
 39   40  43  41  43  41 
 40   41  45  41  44  42 
 41   38  45  43  43  42 
 42   39  46  45  44  43 
 43   41  42  43  44  42 
 44   36  39  43  39  39 
 45   37  38  39  37  37 
 46   38  39  39  36  38 
 47   40  40  41  37  39 
 48   36  39  42  37  38 
 49   37  40  41  37  38 
 50   36  36  43  37  38 
 51   38  36  44  38  39 
 52   36  37  35  39  36 
 53   31  39  37  33  35 
 54   32  34  38  33  34 
 55   34  36  38  32  35 
 56   29  36  38  28  32 
 57   30  35  37  29  32 
 58   29  31  37  29  31 
 59   27  32  39  27  31 
 60   26  34  27  27  28 
 61   28  31  28  28  28 
 62   29  31  28  30  29 
 63   30  30  29  21  27 
 64   29  28  25  22  26 
 65   24  26  27  24  25 
 66   20  22  25  25  23 
 67   20  23  27  23  23 
 68   20  23  21  23  21 
 69   22  24  18  20  21 
 70   21  26  18  22  21 
 71   15  25  15  22  19 
 72   15  19  14  16  16 
 73   14  20  16  11  15 
 74    4  18  16   8  11 
 75    3  20  17   1  10 
 76    2  21   4   0   6 
 77    3  20   4   0   6 
