 0    50  50  50  50  50 
 1    49  49  49  49  49 
 2    47  47  47  47  47 
 3    45  46  45  45  45 
 4    44  39  44  44  42 
 5    43  39  43  43  42 
 6    42  37  42  41  40 
 7    41  10  41  40  33 
 8    40  10  41  39  32 
 9    38  10  40  38  31 
 10   37   9  39  38  30 
 11   38   9  38  37  30 
 12   37   8  36  36  29 
 13   35   6  34  35  27 
 14   35   6  32  34  26 
 15   33   5  30  33  25 
 16   31   5  27  32  23 
 17   31   6  27  32  24 
 18   30   5  28  31  23 
 19   29   5  27  30  22 
 20   28   4  27  29  22 
 21   29   4  25  19  19 
 22    4  12  23  19  14 
 23    4  10  26  19  14 
 24    3   4  22  18  11 
 25    3   4  21  17  11 
 26    2   3  24  16  11 
 27    1   2  24  11   9 
 28   13   1  19  12  11 
 29   12   1  18  11  10 
 30    0   0   0   0   0 
 31    1   2  20  10   8 
 32    0   0   0   0   0 
 33    0   0   0   0   0 
 34    8   1  17   9   8 
 35    7   1   3   9   5 
 36    1   4   3   9   4 
 37    0   0   0   0   0 
 38    0   0   0   0   0 
 39    1   4   4   6   3 
 40    7   4   1   6   4 
 41    3   4   1   5   3 
 42    2   1   2   5   2 
 43    2   1   1   5   2 
 44    1   1   1   5   2 
 45    0   0   0   0   0 
 46    6   1   2   4   3 
 47    0   0   0   0   0 
 48    0   0   0   0   0 
 49    0   0   0   0   0 
 50    1   1   1   2   1 
 51    0   0   0   0   0 
 52    1   1   1   1   1 
 53    0   0   0   0   0 
 54    2   1   1   1   1 
 55    2   1   1   1   1 
 56    0   0   0   0   0 
 57    1   1   1   1   1 
 58    1   1   1   2   1 
 59    1   1   1   1   1 
 60    1   1   1   2   1 
 61    0   0   0   0   0 
 62    1   1   1   1   1 
 63    0   0   0   0   0 
 64    0   0   0   0   0 
 65    0   0   0   0   0 
 66    0   0   0   0   0 
 67    0   0   0   0   0 
 68    0   0   0   0   0 
 69    0   0   0   0   0 
 70    0   0   0   0   0 
 71    0   0   0   0   0 
 72    0   0   0   0   0 
 73    0   0   0   0   0 
 74    0   0   0   0   0 
 75    0   0   0   0   0 
 76    0   0   0   0   0 
 77    0   0   0   0   0 
