400
593
678
786
877
961
1038
1119
1198
1274
1356
1437
1531
1618
1696
1775
1854
1936
2031
2108
2193
2265
2353
2444
2523
2622
2704
2784
2876
2974
3060
3138
3230
3309
3396
3475
3549
3638
3716
3813
3901
4000
4082
4176
4274
4366
4447
4548
4641
4722
4820
4899
4983
5047
5132
5210
5294
5366
5460
5555
5640
5703
5774
5858
5946
6013
6089
6155
6229
6313
6399
6454
6509
6580
6655
6727
6801
6878
6962
7024
7098
7154
7229
7294
7350
7407
7463
7554
7618
7668
7732
7805
7862
7925
7993
8040
8094
8148
8212
8270
8334
8388
8460
8517
8558
8617
8674
8727
8783
8830
8876
8935
8983
9026
9062
9105
9155
9194
9238
9274
9317
9366
9407
9445
9483
9521
9565
9600
9644
9679
9716
9759
9793
9826
9857
9887
9915
9936
9958
9978
9999
10020
10036
10056
10069
10090
10104
10122
10128
10138
10149
10153
10167
10174
10177
10180
10184
10187
10190
10194
10195
10196
10199
10199
10200
10201
