0
6
9
15
20
24
29
34
43
49
58
65
76
84
87
91
96
104
114
125
133
139
144
150
159
165
169
177
183
201
209
211
217
221
227
237
245
251
258
264
268
275
280
288
299
301
304
310
318
322
326
336
348
354
356
362
367
365
372
379
385
393
394
395
403
407
406
413
429
437
444
440
447
454
459
463
467
464
472
475
473
472
480
482
484
481
487
490
491
490
491
490
492
499
502
507
505
506
509
514
515
521
521
530
530
532
529
530
533
532
532
530
531
534
539
535
538
537
532
536
538
540
538
539
535
532
525
523
518
521
522
520
516
516
516
511
509
507
505
505
506
506
506
504
503
503
503
502
502
502
502
502
502
502
502
502
502
502
502
