 0    50  50  50  50  50 
 1    50  50  50  50  50 
 2    50  50  50  50  50 
 3    50  50  50  50  50 
 4    50  50  50  50  50 
 5    50  50  50  50  50 
 6    50  50  50  50  50 
 7    50  50  50  50  50 
 8    50  50  50  50  50 
 9    50  50  50  50  50 
 10   50  50  50  50  50 
 11   50  50  50  50  50 
 12   50  50  50  50  50 
 13   50  50  50  50  50 
 14   50  50  50  50  50 
 15   50  50  50  50  50 
 16   50  50  50  50  50 
 17   50  50  50  50  50 
 18   50  50  50  50  50 
 19   50  50  50  50  50 
 20   50  50  50  49  49 
 21   50  49  50  49  49 
 22   50  50  48  50  49 
 23   50  47  49  49  48 
 24   49  48  50  47  48 
 25   50  50  49  48  49 
 26   49  50  50  50  49 
 27   50  47  50  49  49 
 28   49  47  50  50  49 
 29   49  48  50  47  48 
 30   50  50  49  48  49 
 31   49  50  48  47  48 
 32   50  46  48  48  48 
 33   46  45  50  50  47 
 34   47  45  46  50  47 
 35   44  43  47  44  44 
 36   46  45  43  46  45 
 37   42  47  43  48  45 
 38   42  48  43  44  44 
 39   42  49  41  44  44 
 40   43  42  42  45  43 
 41   44  42  41  45  43 
 42   40  41  41  41  40 
 43   39  41  42  42  41 
 44   40  40  43  43  41 
 45   42  42  43  43  42 
 46   43  42  37  45  41 
 47   39  40  37  47  40 
 48   40  40  37  40  39 
 49   39  41  37  41  39 
 50   39  42  38  40  39 
 51   35  36  39  41  37 
 52   37  37  37  43  38 
 53   38  38  38  45  39 
 54   34  39  40  46  39 
 55   35  35  36  34  35 
 56   36  36  38  34  36 
 57   37  37  39  35  37 
 58   35  30  39  37  35 
 59   35  29  33  38  33 
 60   30  30  35  32  31 
 61   31  31  28  31  30 
 62   27  32  29  33  30 
 63   25  26  30  34  28 
 64   24  27  31  35  29 
 65   24  29  30  26  27 
 66   24  30  31  25  27 
 67   23  32  30  27  28 
 68   24  30  32  26  28 
 69   26  18  24  25  23 
 70   26  19  24  24  23 
 71   26  21  20  26  23 
 72   27  20  20  23  22 
 73   28  21  21  22  23 
 74   29  15  21  24  22 
 75   30  15  19  23  21 
 76   31  16  20  17  21 
 77   18  17  20  16  17 
 78   14   3  20  17  13 
 79   15   3  21  17  14 
 80   16   3  17   6  10 
 81   12   4  18   6  10 
 82   14   2  11   6   8 
