 0    50  50  50  50  50 
 1    49  49  49  49  49 
 2    47  34  47  47  43 
 3    46  33  45  45  42 
 4    44  32  24  44  36 
 5    43  23  24  43  33 
 6    42  12  23  42  29 
 7    42  11  22  31  26 
 8    40  10  23  31  26 
 9    39   9  22  30  25 
 10   38   7  21  29  23 
 11   37   8   9  27  20 
 12   36   8   8  26  19 
 13   36   9   8  26  19 
 14   35   9   8  24  19 
 15   34   8   8  24  18 
 16   32   7   6  24  17 
 17   32   7   7  22  17 
 18   25   7   7  21  15 
 19   24   5   6  21  14 
 20   23   4   5   6   9 
 21   21  23   5   5  13 
 22   21   4   5   5   8 
 23   20   5   6   4   8 
 24   19   5   5   4   8 
 25   18   3   4   4   7 
 26   17   2   3   4   6 
 27   17   5   3   4   7 
 28   16   5   2   3   6 
 29   16  19   2   3  10 
 30   16  19   2   2   9 
 31   15   2   1   2   5 
 32   15   2   2   1   5 
 33   13   4   1   1   4 
 34    0   0   0   0   0 
 35   12  16   1   1   7 
 36    1  15   1   2   4 
 37    1  14   1   2   4 
 38   10   1   1   1   3 
 39    0   0   0   0   0 
 40    0   0   0   0   0 
 41    0   0   0   0   0 
 42    1   1   1   2   1 
 43    1   2   1   2   1 
 44    1   1   1   2   1 
 45    0   0   0   0   0 
 46    1   1   1   1   1 
 47    0   0   0   0   0 
 48    1   1   1   1   1 
 49    1   1   1   1   1 
 50    0   0   0   0   0 
 51    0   0   0   0   0 
 52    0   0   0   0   0 
 53    0   0   0   0   0 
 54    0   0   0   0   0 
 55    0   0   0   0   0 
 56    0   0   0   0   0 
 57    0   0   0   0   0 
 58    0   0   0   0   0 
 59    1   1   1   1   1 
 60    0   0   0   0   0 
 61    0   0   0   0   0 
 62    0   0   0   0   0 
 63    0   0   0   0   0 
 64    0   0   0   0   0 
 65    0   0   0   0   0 
 66    0   0   0   0   0 
 67    0   0   0   0   0 
 68    0   0   0   0   0 
 69    0   0   0   0   0 
 70    0   0   0   0   0 
 71    0   0   0   0   0 
 72    0   0   0   0   0 
 73    0   0   0   0   0 
 74    0   0   0   0   0 
 75    0   0   0   0   0 
 76    0   0   0   0   0 
 77    0   0   0   0   0 
 78    0   0   0   0   0 
 79    0   0   0   0   0 
 80    0   0   0   0   0 
 81    0   0   0   0   0 
