 0    50  50  50  50  50 
 1    49  49  49  49  49 
 2    47  47  47  47  47 
 3    45  45  10  45  36 
 4    43  43   9  44  34 
 5    41  43   9  44  34 
 6    40  42   8  43  33 
 7    41  41   8  32  30 
 8    39  40   7  30  29 
 9    37  39   6  14  24 
 10   36  37   6  27  26 
 11   36  36   6  13  22 
 12   35  35   4   5  19 
 13   35  34   3   4  19 
 14   34  33   4  23  23 
 15   34  32   4  21  22 
 16   32  31   3   4  17 
 17   30  30   3   5  17 
 18   29  30   7   3  17 
 19   16  30   6   3  13 
 20   16  29   3   6  13 
 21   16  25   2   2  11 
 22   26  24   1   2  13 
 23   25  24   1   2  13 
 24    0   0   0   0   0 
 25    0   0   0   0   0 
 26   23  23   1   1  12 
 27    0   0   0   0   0 
 28   21   1   1   4   6 
 29   21   1   1   2   6 
 30   16  21   1   2  10 
 31   19  20   1   2  10 
 32    0   0   0   0   0 
 33   17   1   2   2   5 
 34    0   0   0   0   0 
 35    0   0   0   0   0 
 36    0   0   0   0   0 
 37    1   3   1   2   1 
 38    1  13   1   2   4 
 39    1   2   1   1   1 
 40    0   0   0   0   0 
 41    0   0   0   0   0 
 42    0   0   0   0   0 
 43    0   0   0   0   0 
 44    0   0   0   0   0 
 45    0   0   0   0   0 
 46    0   0   0   0   0 
 47    0   0   0   0   0 
 48    0   0   0   0   0 
 49    1   1   1   1   1 
 50    0   0   0   0   0 
 51    0   0   0   0   0 
 52    0   0   0   0   0 
 53    0   0   0   0   0 
 54    2   1   1   1   1 
 55    0   0   0   0   0 
 56    0   0   0   0   0 
 57    0   0   0   0   0 
 58    0   0   0   0   0 
 59    0   0   0   0   0 
 60    0   0   0   0   0 
 61    0   0   0   0   0 
 62    0   0   0   0   0 
 63    0   0   0   0   0 
 64    0   0   0   0   0 
 65    0   0   0   0   0 
 66    0   0   0   0   0 
 67    0   0   0   0   0 
 68    0   0   0   0   0 
 69    0   0   0   0   0 
 70    0   0   0   0   0 
 71    0   0   0   0   0 
 72    0   0   0   0   0 
 73    0   0   0   0   0 
 74    0   0   0   0   0 
 75    0   0   0   0   0 
 76    0   0   0   0   0 
 77    0   0   0   0   0 
 78    0   0   0   0   0 
 79    0   0   0   0   0 
